image: map_0630.pgm
resolution: 0.250000
origin: [-85.000000, -120.000000, 0.000000]
negate: 0
occupied_thresh: 0.65
free_thresh: 0.196

